0.31068 0.303797 0.217391 0.23913 0.252874     0.5 0.650794 0.70922 0.623188 0.676923
   0.25 0.303797 0.145833 0.209302 0.246914    0.26 0.389831 0.625767    0.55 0.407407
0.241379 0.473118 0.266667    0.22     0.4     0.5 0.558442 0.666667 0.586466 0.323944
      0 0.417582       0       0 0.202532 0.461538 0.694444 0.776316 0.60177 0.486111
      0       0       0       0       0 0.680851 0.666667 0.854962 0.757576 0.644628
      0       0       0       0       0 0.153846 0.121951 0.661417 0.351648 0.133333
0.236559       0 0.181818       0 0.243902 0.469136 0.166667 0.518519 0.581818 0.395349
      0       0       0       0       0 0.55914 0.462963 0.682927 0.68254 0.556701
      0       0       0       0       0 0.543478 0.734375 0.790323 0.672414    0.58
0.114943       0       0       0       0 0.487805 0.564885 0.885714 0.761905 0.77686
0.116279       0 0.123457    0.15       0    0.45 0.535948 0.773333 0.706897 0.682927
0.21978 0.27027 0.162791 0.123457 0.246914 0.666667 0.661157 0.81203 0.581818 0.45283
      0       0       0       0       0 0.615385 0.616667 0.765625 0.708661 0.645161
      0       0       0       0       0 0.378378 0.368932 0.466019 0.229167 0.12987
0.114943 0.27027 0.146341 0.12987 0.155844 0.356164 0.181818 0.566372 0.333333 0.320988
      0       0       0       0       0 0.708333 0.616667 0.842857 0.737705 0.727273
      0       0       0       0       0  0.6875 0.424242 0.828125 0.787879 0.666667
      0       0       0       0       0    0.45 0.661417 0.671875 0.787879 0.618182
0.217391       0       0       0       0 0.421053 0.517857 0.650794 0.584071 0.311111
