      0       0       0       0       0       0       0       0       0       0
      0       0       0       0       0       0       0       0       0       0
0.116279       0       0       0       0       0       0 0.131579       0       0
      0       0       0       0       0       0 0.144578       0       0       0
      0       0       0       0       0       0       0       0       0       0
      0       0       0       0       0       0       0       0       0       0
      0       0       0       0       0       0       0 0.222222       0 0.138889
      0       0       0       0       0       0       0       0       0       0
      0       0       0       0       0       0       0       0       0       0
      0       0       0       0       0       0       0       0       0       0
      0       0       0       0       0       0       0 0.0540541       0       0
      0       0       0       0       0       0       0       0       0       0
      0       0       0       0       0       0       0       0       0       0
      0       0       0       0       0       0       0       0       0       0
      0       0       0       0       0       0       0       0       0       0
      0       0       0       0       0       0       0       0       0       0
      0       0       0       0       0       0       0 0.131579       0       0
      0       0       0       0       0       0       0       0       0       0
      0       0       0       0       0       0       0       0       0       0
