0.230088 0.313725 0.162791 0.293578 0.246914 0.466667 0.592593 0.507692 0.542857 0.583942
0.291262 0.302326 0.194175 0.326531 0.387097 0.518519 0.598639 0.693548 0.354167 0.566667
0.277778 0.222222 0.229167 0.241758    0.25 0.436975 0.68323 0.557143 0.389937 0.544118
0.217391 0.171429 0.183908       0 0.247191 0.508475 0.834356 0.565217 0.609929 0.578035
      0       0       0       0       0 0.536585 0.698413 0.603448 0.45098 0.775862
      0       0       0       0       0 0.333333 0.644628   0.752 0.639344 0.654206
0.336634 0.243243 0.255319 0.307692 0.227273 0.609524 0.666667 0.595041 0.608696 0.566667
      0       0       0       0       0 0.721649 0.697674 0.770492 0.854962 0.725664
      0       0       0       0       0 0.536585 0.615385 0.382022 0.494845 0.752137
0.114943       0       0 0.12987       0 0.512195 0.433333 0.382022 0.474227  0.5625
0.0714286 0.219178 0.141176    0.15 0.0810811 0.455696 0.582677 0.382022 0.545455 0.54717
0.155556 0.144928 0.211765 0.131579 0.131579 0.615385 0.815789 0.701754 0.494845 0.623853
0.252632 0.202532 0.139535 0.157303 0.232558 0.55102    0.72 0.52381 0.513761 0.651515
      0       0       0       0       0 0.536585 0.661417 0.777778 0.636364 0.395349
      0 0.144928       0       0       0 0.585859 0.448598 0.746269 0.534483    0.26
      0       0       0       0       0 0.636364 0.605042 0.495575 0.557692 0.715596
      0       0       0       0       0 0.597701 0.697674 0.246914 0.533333 0.769231
0.0714286 0.0895522 0.0759494 0.027027 0.0810811 0.637363 0.805755 0.573913 0.582524 0.747826
0.291262 0.144928 0.123457       0    0.25 0.494118    0.72 0.660714 0.458333 0.531915
