0.477987 0.534351   0.336 0.508772 0.484375 0.610687 0.701299 0.787097 0.714286 0.608696
0.359375 0.571429 0.180451 0.525547   0.432 0.61157 0.617143 0.708571 0.484472 0.546667
0.469697 0.428571 0.344828 0.647482 0.585714 0.634921 0.628931 0.734177 0.56962 0.684932
0.531073 0.402878 0.378788 0.60177 0.365385 0.661871 0.78481 0.851064 0.805556 0.560606
0.566929 0.568966 0.390244 0.626087 0.577778 0.816667 0.748299 0.806202 0.811189 0.735294
0.507463 0.358491 0.189474     0.4 0.19469 0.433735 0.583942 0.520548 0.592593 0.496124
0.513158 0.237288 0.207547 0.340426 0.333333 0.59854 0.73494 0.695035 0.586466 0.607407
0.562963 0.197183 0.333333 0.301075 0.424779 0.761905 0.791667 0.830986 0.609375 0.75188
0.686747 0.418182 0.310078 0.448598 0.370968   0.704 0.62069    0.75 0.74359 0.631579
0.431034     0.5 0.372549 0.614035 0.698413 0.619469 0.70229   0.624 0.478261 0.702703
0.456693 0.685714     0.4 0.601942 0.692913 0.840336 0.396396 0.701299 0.410959 0.534653
0.736111 0.550459 0.315789 0.485437 0.216216 0.769231 0.659091 0.597222 0.692308 0.691176
0.474359 0.373984 0.372414 0.444444 0.438095 0.535211 0.578313 0.46988 0.412903 0.543353
0.252427 0.292683 0.293578 0.258824 0.236559 0.488889 0.598425 0.533333 0.509434 0.509804
0.420168 0.202532 0.206186 0.102041 0.387097 0.603774 0.573529 0.569106 0.609375 0.573643
0.37037 0.642857 0.311927 0.711864 0.739496 0.881356 0.746479 0.857143 0.811594 0.818898
0.595041 0.718447 0.358491 0.504505 0.588235 0.830508 0.731343 0.727273 0.666667 0.730159
0.666667 0.29703 0.197802 0.444444 0.525424 0.778761   0.875 0.727273 0.857143 0.622951
0.569106 0.465116 0.181818   0.625    0.32 0.714286 0.629921 0.70073   0.576 0.646154
