0.217391 0.144928 0.162791 0.246914 0.246914 0.555556 0.677686 0.687023 0.666667 0.655462
0.21978 0.144928 0.123457 0.131579 0.131579 0.309524 0.539683 0.768212 0.554622 0.383838
0.244898    0.25 0.206897 0.114943 0.243902 0.512821 0.551181 0.696296 0.569536 0.385965
0.0714286 0.307692 0.0759494 0.027027 0.202532 0.418182 0.713287 0.760563 0.645161 0.503817
      0       0       0       0       0 0.680851   0.688 0.852713 0.735294 0.568966
      0       0       0       0       0       0 0.309278 0.656716 0.263736 0.12987
0.236559       0       0       0       0 0.333333 0.166667 0.548673 0.566372 0.361446
      0       0       0       0       0 0.516854     0.4 0.709677 0.627119 0.489362
      0       0       0       0       0 0.533333 0.71875 0.790323 0.732824 0.591304
      0       0       0       0       0 0.487805 0.564885 0.885714 0.777778    0.75
      0       0       0       0       0    0.45 0.571429 0.773723 0.678261     0.7
      0       0       0       0       0 0.534884 0.583333 0.81203 0.61157    0.46
0.116279 0.144928 0.123457 0.131579 0.131579 0.487805 0.62069 0.768116 0.744526 0.650794
      0       0       0       0       0       0     0.4 0.584071 0.26087 0.12987
0.177778 0.171429 0.211765    0.15   0.225 0.181818 0.139535 0.433333 0.448598 0.123457
      0       0       0       0       0 0.673913 0.527273     0.8 0.700855 0.747826
      0       0       0       0       0 0.645161 0.424242 0.780488 0.78125     0.5
      0       0       0       0       0    0.45 0.608696 0.655738 0.78125 0.672414
      0       0 0.123457       0       0 0.518519 0.504673 0.693548    0.48 0.555556
