0.294737 0.320988 0.306748 0.317073 0.191083 0.208589 0.306818 0.303371 0.297143 0.178571
0.337349 0.16129 0.217054 0.171429 0.157895 0.285714 0.0809249 0.307692 0.36129 0.245161
0.416185 0.281879 0.135135 0.238411 0.145985 0.303448 0.0969697 0.341772 0.372414 0.269006
0.433862 0.312057 0.356688 0.201258 0.33557 0.202381 0.282486 0.428571 0.414201 0.239521
0.368715 0.315068 0.263158   0.325 0.364865 0.342466 0.312849 0.298851 0.411765 0.389937
    0.1 0.0444444 0.158273 0.0839161 0.130081 0.028777 0.211765 0.177215 0.294118 0.178082
0.0787402 0.0530973 0.125984 0.136364   0.048 0.183206 0.104575 0.143885 0.128571 0.15942
0.108108 0.150943 0.115702 0.174603 0.147541   0.112 0.239437    0.25 0.294118 0.174603
0.39779 0.248447     0.4 0.289308 0.397436 0.283871 0.320856 0.449704     0.4 0.319018
0.357542 0.342857 0.418301 0.352201 0.402685 0.356164 0.0677966 0.429448 0.466258 0.358974
0.365714 0.24359 0.454545 0.232258 0.386667 0.331126 0.290698     0.5  0.4125 0.339394
0.271739 0.176471 0.180556 0.184211 0.180645 0.246575 0.219653 0.295455 0.271186 0.193939
    0.4 0.269504 0.168831  0.2875 0.333333 0.169935 0.294737 0.357542 0.357895 0.309524
  0.112 0.0545455 0.106195 0.0560748 0.0181818 0.0892857 0.153846 0.0833333 0.211382 0.165289
0.0757576 0.0530973 0.0967742 0.0357143 0.0840336 0.115385 0.0826446   0.125     0.1 0.0819672
  0.225 0.268908 0.213333 0.228571 0.271429 0.258993 0.321429 0.339623 0.441558 0.38961
0.347305 0.0769231 0.217391 0.243243 0.264706 0.335766 0.307692 0.328767 0.386667 0.328571
0.386364 0.307692 0.264706 0.187919 0.309859 0.266667 0.325843 0.392405 0.39759 0.304636
0.27027 0.19697 0.152672 0.262069 0.220472 0.257143 0.242775 0.292683 0.337662 0.356164
